1565766864.640438 0.000000000 0.000000000 0.000000000 0.000000000 0.000000000 0.000000000 1.000000000
1565766864.675296 0.000000000 0.000000000 0.000000000 0.000000000 0.000000000 0.000000000 1.000000000
1565766864.705442 0.000000000 0.000000000 0.000000000 0.000000000 0.000000000 0.000000000 1.000000000
1565766864.740390 0.000000000 0.000000000 0.000000000 0.000000000 0.000000000 0.000000000 1.000000000
1565766865.080119 0.000000000 0.000000000 0.000000000 0.000000000 0.000000000 0.000000000 1.000000000
1565766865.115264 0.000000000 0.000000000 0.000000000 0.000000000 0.000000000 0.000000000 1.000000000
1565766865.150858 0.000000000 0.000000000 0.000000000 0.000000000 0.000000000 0.000000000 1.000000000
1565766865.178718 0.000000000 0.000000000 0.000000000 0.000000000 0.000000000 0.000000000 1.000000000
1565766865.226201 0.000000000 0.000000000 0.000000000 0.000000000 0.000000000 0.000000000 1.000000000
1565766865.273489 0.000000000 0.000000000 0.000000000 0.000000000 0.000000000 0.000000000 1.000000000
1565766865.325189 0.000000000 0.000000000 0.000000000 0.000000000 0.000000000 0.000000000 1.000000000
1565766865.381109 0.000000000 0.000000000 0.000000000 0.000000000 0.000000000 0.000000000 1.000000000
1565766865.417146 0.000000000 0.000000000 0.000000000 0.000000000 0.000000000 0.000000000 1.000000000
1565766865.465922 0.000000000 0.000000000 0.000000000 0.000000000 0.000000000 0.000000000 1.000000000
1565766865.515218 0.000000000 0.000000000 0.000000000 0.000000000 0.000000000 0.000000000 1.000000000
1565766865.565358 0.000000000 0.000000000 0.000000000 0.000000000 0.000000000 0.000000000 1.000000000
1565766865.611023 0.000000000 0.000000000 0.000000000 0.000000000 0.000000000 0.000000000 1.000000000
1565766865.658957 0.000126704 0.000000016 0.000000000 0.000000000 0.000000000 0.000088249 0.999999996
1565766865.709430 0.000329442 0.000000052 0.000000000 0.000000000 0.000000000 -0.000088109 0.999999996
1565766865.755084 0.000734870 0.000000020 0.000000000 0.000000000 0.000000000 0.000087694 0.999999996
1565766865.815649 0.001317704 0.000000025 0.000000000 0.000000000 0.000000000 -0.000001340 1.000000000
1565766865.850909 0.002229904 0.000000073 0.000000000 0.000000000 0.000000000 -0.000001815 1.000000000
1565766865.900082 0.003277822 -0.000000633 0.000000000 0.000000000 0.000000000 -0.000249032 0.999999969
1565766865.963649 0.004471656 -0.000001134 0.000000000 0.000000000 0.000000000 -0.000314192 0.999999951
1565766865.994200 0.005788106 -0.000001329 0.000000000 0.000000000 0.000000000 -0.000267860 0.999999964
1565766866.047222 0.007362288 -0.000003755 0.000000000 0.000000000 0.000000000 -0.000453617 0.999999897
1565766866.099350 0.008749684 -0.000004358 0.000000000 0.000000000 0.000000000 -0.000478444 0.999999886
1565766866.155655 0.010405134 -0.000003207 0.000000000 0.000000000 0.000000000 -0.000367775 0.999999932
1565766866.192909 0.011699106 -0.000005789 0.000000000 0.000000000 0.000000000 -0.000524937 0.999999862
1565766866.241647 0.013797462 -0.000003143 0.000000000 0.000000000 0.000000000 -0.000303968 0.999999954
1565766866.299898 0.016425254 -0.000005465 0.000000000 0.000000000 0.000000000 -0.000367065 0.999999933
1565766866.355655 0.017074890 -0.000007702 0.000000000 0.000000000 0.000000000 -0.000260494 0.999999966
1565766866.387100 0.017574359 -0.000014601 0.000000000 0.000000000 0.000000000 -0.000325869 0.999999947
1565766866.434902 0.020846588 -0.000013255 0.000000000 0.000000000 0.000000000 -0.000317601 0.999999950
1565766866.492062 0.021547037 -0.000014174 0.000000000 0.000000000 0.000000000 -0.000027853 1.000000000
1565766866.532100 0.024937945 -0.000006413 0.000000000 0.000000000 0.000000000 0.000278582 0.999999961
1565766866.581731 0.026608054 -0.000010513 0.000000000 0.000000000 0.000000000 0.000462572 0.999999893
1565766866.631418 0.029179612 -0.000022898 0.000000000 0.000000000 0.000000000 0.000400067 0.999999920
1565766866.684511 0.032674065 -0.000040768 0.000000000 0.000000000 0.000000000 0.000223700 0.999999975
1565766866.736317 0.037234192 -0.000035423 0.000000000 0.000000000 0.000000000 0.000328736 0.999999946
1565766866.786243 0.039005707 -0.000037521 0.000000000 0.000000000 0.000000000 0.000468939 0.999999890
1565766866.835493 0.044179117 -0.000082977 0.000000000 0.000000000 0.000000000 0.000513545 0.999999868
1565766866.892954 0.046763261 -0.000076228 0.000000000 0.000000000 0.000000000 0.000613102 0.999999812
1565766866.942107 0.052422195 -0.000026334 0.000000000 0.000000000 0.000000000 0.000792000 0.999999686
1565766866.985260 0.056923329 -0.000081783 0.000000000 0.000000000 0.000000000 0.000832711 0.999999653
1565766867.035136 0.061627859 -0.000068920 0.000000000 0.000000000 0.000000000 0.000843517 0.999999644
1565766867.101859 0.064660132 -0.000083920 0.000000000 0.000000000 0.000000000 0.000895224 0.999999599
1565766867.139727 0.067755746 -0.000095167 0.000000000 0.000000000 0.000000000 0.000896642 0.999999598
1565766867.175488 0.073001203 0.000028075 0.000000000 0.000000000 0.000000000 0.001196555 0.999999284
1565766867.221565 0.078492253 -0.000213361 0.000000000 0.000000000 0.000000000 0.001133283 0.999999358
1565766867.274817 0.084810856 -0.000064828 0.000000000 0.000000000 0.000000000 0.001098214 0.999999397
1565766867.339684 0.087535253 -0.000076683 0.000000000 0.000000000 0.000000000 0.001141458 0.999999349
1565766867.372300 0.094785909 -0.000114238 0.000000000 0.000000000 0.000000000 0.001234718 0.999999238
1565766867.421455 0.100300268 -0.000182774 0.000000000 0.000000000 0.000000000 0.001282389 0.999999178
1565766867.470092 0.108960124 -0.000324648 0.000000000 0.000000000 0.000000000 0.001187356 0.999999295
1565766867.527658 0.111162244 -0.000688098 0.000000000 0.000000000 0.000000000 0.001244349 0.999999226
1565766867.569080 0.117530155 -0.000392994 0.000000000 0.000000000 0.000000000 0.001218414 0.999999258
1565766867.620891 0.123284956 -0.000700506 0.000000000 0.000000000 0.000000000 0.001219447 0.999999256
1565766867.679647 0.130773591 -0.000271392 0.000000000 0.000000000 0.000000000 0.001166202 0.999999320
1565766867.740702 0.134813196 -0.000842144 0.000000000 0.000000000 0.000000000 0.001330861 0.999999114
1565766867.773542 0.143391996 -0.000426575 0.000000000 0.000000000 0.000000000 0.001060788 0.999999437
1565766867.821980 0.148412901 -0.000565272 0.000000000 0.000000000 0.000000000 0.001058525 0.999999440
1565766867.865349 0.159006810 -0.000283283 0.000000000 0.000000000 0.000000000 0.001145617 0.999999344
1565766867.919631 0.163058404 -0.000770204 0.000000000 0.000000000 0.000000000 0.001209169 0.999999269
1565766867.964712 0.172643120 -0.000211533 0.000000000 0.000000000 0.000000000 0.001146172 0.999999343
1565766868.012755 0.175419361 -0.000606684 0.000000000 0.000000000 0.000000000 0.001097392 0.999999398
1565766868.062980 0.183554116 -0.000151794 0.000000000 0.000000000 0.000000000 0.001308379 0.999999144
1565766868.118132 0.190288438 -0.000243577 0.000000000 0.000000000 0.000000000 0.000987129 0.999999513
1565766868.157647 0.195988937 -0.000233133 0.000000000 0.000000000 0.000000000 0.001056867 0.999999442
1565766868.207982 0.203923032 -0.000218956 0.000000000 0.000000000 0.000000000 0.000954089 0.999999545
1565766868.276546 0.209826640 -0.000206472 0.000000000 0.000000000 0.000000000 0.001067831 0.999999430
1565766868.315633 0.216789137 -0.000184560 0.000000000 0.000000000 0.000000000 0.001178265 0.999999306
1565766868.355665 0.224884373 -0.000162181 0.000000000 0.000000000 0.000000000 0.001654714 0.999998631
1565766868.405219 0.232009551 -0.000145455 0.000000000 0.000000000 0.000000000 0.001730712 0.999998502
1565766868.463699 0.239596629 -0.000116285 0.000000000 0.000000000 0.000000000 0.002074287 0.999997849
1565766868.503760 0.246773815 -0.000100752 0.000000000 0.000000000 0.000000000 0.002044294 0.999997910
1565766868.550133 0.253507493 -0.000042283 0.000000000 0.000000000 0.000000000 0.002458828 0.999996977
1565766868.598586 0.260549898 0.000019277 0.000000000 0.000000000 0.000000000 0.002741157 0.999996243
1565766868.655694 0.268872840 0.000108029 0.000000000 0.000000000 0.000000000 0.003012293 0.999995463
1565766868.703647 0.275925177 0.000119631 0.000000000 0.000000000 0.000000000 0.003058870 0.999995322
1565766868.735508 0.283311563 0.000180949 0.000000000 0.000000000 0.000000000 0.002962241 0.999995613
1565766868.785467 0.289731561 0.000218140 0.000000000 0.000000000 0.000000000 0.003191156 0.999994908
1565766868.837362 0.297414418 0.000252106 0.000000000 0.000000000 0.000000000 0.003068884 0.999995291
1565766868.894639 0.302479847 0.000284526 0.000000000 0.000000000 0.000000000 0.003242301 0.999994744
1565766868.930791 0.311168199 0.000322164 0.000000000 0.000000000 0.000000000 0.003095170 0.999995210
1565766868.977914 0.316891731 0.000359687 0.000000000 0.000000000 0.000000000 0.003418355 0.999994157
1565766869.032258 0.326594822 0.000352300 0.000000000 0.000000000 0.000000000 0.003224834 0.999994800
1565766869.084897 0.332649588 0.000403783 0.000000000 0.000000000 0.000000000 0.003331442 0.999994451
1565766869.117154 0.340229413 0.000340825 0.000000000 0.000000000 0.000000000 0.002837256 0.999995975
1565766869.164043 0.348383964 0.000452887 0.000000000 0.000000000 0.000000000 0.003125104 0.999995117
1565766869.214398 0.353475277 0.000363198 0.000000000 0.000000000 0.000000000 0.003068298 0.999995293
1565766869.268333 0.360973759 0.000427015 0.000000000 0.000000000 0.000000000 0.002849661 0.999995940
1565766869.309517 0.361531183 0.000325516 0.000000000 0.000000000 0.000000000 0.003026264 0.999995421
1565766869.356798 0.374482955 0.000640214 0.000000000 0.000000000 0.000000000 0.003342463 0.999994414
1565766869.405580 0.378129768 0.000619464 0.000000000 0.000000000 0.000000000 0.003527916 0.999993777
1565766869.464692 0.389142199 0.000814178 0.000000000 0.000000000 0.000000000 0.003428801 0.999994122
1565766869.499077 0.395435642 0.000836420 0.000000000 0.000000000 0.000000000 0.003470671 0.999993977
1565766869.547179 0.402442731 0.000883214 0.000000000 0.000000000 0.000000000 0.003286775 0.999994599
1565766869.611649 0.408179346 0.000924347 0.000000000 0.000000000 0.000000000 0.003220975 0.999994813
1565766869.646180 0.415172455 0.000973258 0.000000000 0.000000000 0.000000000 0.003588099 0.999993563
1565766869.692985 0.425330312 0.001052304 0.000000000 0.000000000 0.000000000 0.003780583 0.999992854
1565766869.743140 0.430376985 0.001089046 0.000000000 0.000000000 0.000000000 0.003987487 0.999992050
1565766869.787581 0.437618271 0.001146946 0.000000000 0.000000000 0.000000000 0.003962670 0.999992149
1565766869.839649 0.444438916 0.001208693 0.000000000 0.000000000 0.000000000 0.004423267 0.999990217
1565766869.883073 0.451627051 0.001253733 0.000000000 0.000000000 0.000000000 0.004242047 0.999991002
1565766869.929423 0.458690100 0.001349950 0.000000000 0.000000000 0.000000000 0.004590486 0.999989464
1565766869.983881 0.465839590 0.001409158 0.000000000 0.000000000 0.000000000 0.004783689 0.999988558
1565766870.042520 0.472716462 0.001456530 0.000000000 0.000000000 0.000000000 0.005001953 0.999987490
1565766870.074177 0.481255311 0.001437959 0.000000000 0.000000000 0.000000000 0.005070771 0.999987144
1565766870.125264 0.487689384 0.001423427 0.000000000 0.000000000 0.000000000 0.005326464 0.999985814
1565766870.171969 0.494701559 0.001315202 0.000000000 0.000000000 0.000000000 0.005430246 0.999985256
1565766870.227632 0.502850904 0.001336125 0.000000000 0.000000000 0.000000000 0.006721929 0.999977408
1565766870.276587 0.509725953 0.001392617 0.000000000 0.000000000 0.000000000 0.007848909 0.999969197
1565766870.319967 0.520621363 0.001524682 0.000000000 0.000000000 0.000000000 0.009378284 0.999956023
1565766870.379654 0.528782192 0.001779389 0.000000000 0.000000000 0.000000000 0.012508225 0.999921769
1565766870.415803 0.531571914 0.001686151 0.000000000 0.000000000 0.000000000 0.013382102 0.999910456
1565766870.465853 0.539618532 0.001910425 0.000000000 0.000000000 0.000000000 0.017102653 0.999853739
1565766870.515134 0.540924574 0.001745730 0.000000000 0.000000000 0.000000000 0.017540126 0.999846160
1565766870.562720 0.546885403 0.002025158 0.000000000 0.000000000 0.000000000 0.021387811 0.999771255
1565766870.614291 0.559286975 0.001884168 0.000000000 0.000000000 0.000000000 0.023669163 0.999719846
1565766870.656219 0.557478975 0.001899100 0.000000000 0.000000000 0.000000000 0.026385079 0.999651853
1565766870.704620 0.574580555 0.002216526 0.000000000 0.000000000 0.000000000 0.031925965 0.999490236
1565766870.753451 0.566950169 0.002255438 0.000000000 0.000000000 0.000000000 0.034391802 0.999408427
1565766870.807631 0.579611769 0.002688198 0.000000000 0.000000000 0.000000000 0.041050726 0.999157064
1565766870.851367 0.594276368 0.003112363 0.000000000 0.000000000 0.000000000 0.047059946 0.998892067
1565766870.902163 0.600298925 0.003730885 0.000000000 0.000000000 0.000000000 0.055120388 0.998479716
1565766870.955762 0.607735516 0.004634413 0.000000000 0.000000000 0.000000000 0.065835197 0.997830510
1565766871.013376 0.614973936 0.005561916 0.000000000 0.000000000 0.000000000 0.070360244 0.997521647
1565766871.050993 0.622091072 0.006545549 0.000000000 0.000000000 0.000000000 0.075387312 0.997154328
1565766871.100469 0.630218847 0.007917302 0.000000000 0.000000000 0.000000000 0.085424686 0.996344631
1565766871.159650 0.636999900 0.009035275 0.000000000 0.000000000 0.000000000 0.090419726 0.995903747
1565766871.194808 0.645532363 0.010765417 0.000000000 0.000000000 0.000000000 0.099998643 0.994987573
1565766871.248343 0.650688430 0.011836968 0.000000000 0.000000000 0.000000000 0.104594732 0.994514928
1565766871.294884 0.658124478 0.013670584 0.000000000 0.000000000 0.000000000 0.114471986 0.993426477
1565766871.347646 0.666006670 0.015502202 0.000000000 0.000000000 0.000000000 0.119922355 0.992783274
1565766871.403733 0.671041897 0.016798279 0.000000000 0.000000000 0.000000000 0.123904694 0.992294123
1565766871.437982 0.680395315 0.019314928 0.000000000 0.000000000 0.000000000 0.132177962 0.991226002
1565766871.480884 0.688808150 0.021436128 0.000000000 0.000000000 0.000000000 0.136721096 0.990609581
1565766871.531825 0.699158165 0.024374039 0.000000000 0.000000000 0.000000000 0.143808290 0.989605566
1565766871.587629 0.702140003 0.025280253 0.000000000 0.000000000 0.000000000 0.146338862 0.989234521
1565766871.636986 0.708733666 0.027388785 0.000000000 0.000000000 0.000000000 0.152977144 0.988229727
1565766871.685965 0.718824887 0.030117875 0.000000000 0.000000000 0.000000000 0.157285755 0.987553133
1565766871.734569 0.725881130 0.032313616 0.000000000 0.000000000 0.000000000 0.163134535 0.986603833
1565766871.792373 0.730961768 0.033611280 0.000000000 0.000000000 0.000000000 0.165637602 0.986186689
1565766871.835996 0.738583827 0.036316741 0.000000000 0.000000000 0.000000000 0.173307343 0.984867791
1565766871.889532 0.744078391 0.038400318 0.000000000 0.000000000 0.000000000 0.178800802 0.983885295
1565766871.943628 0.750602247 0.041172729 0.000000000 0.000000000 0.000000000 0.187174356 0.982326708
1565766871.990769 0.758570748 0.043829739 0.000000000 0.000000000 0.000000000 0.192304902 0.981335225
1565766872.040370 0.764704468 0.046547413 0.000000000 0.000000000 0.000000000 0.199670978 0.979863001
1565766872.085748 0.770908490 0.049006456 0.000000000 0.000000000 0.000000000 0.204984112 0.978765301
1565766872.132519 0.778619430 0.052716748 0.000000000 0.000000000 0.000000000 0.214669753 0.976686694
1565766872.181665 0.784971657 0.055169188 0.000000000 0.000000000 0.000000000 0.219049296 0.975713793
1565766872.230097 0.791273564 0.058509416 0.000000000 0.000000000 0.000000000 0.226626907 0.973981645
1565766872.276092 0.796540679 0.061146574 0.000000000 0.000000000 0.000000000 0.233288803 0.972407494
1565766872.328625 0.802093685 0.063957065 0.000000000 0.000000000 0.000000000 0.235748019 0.971814217
1565766872.387656 0.810052902 0.068212023 0.000000000 0.000000000 0.000000000 0.245848753 0.969308202
1565766872.426414 0.814350610 0.070575583 0.000000000 0.000000000 0.000000000 0.250400466 0.968142348
1565766872.470364 0.820891365 0.074363989 0.000000000 0.000000000 0.000000000 0.259982729 0.965613266
1565766872.531666 0.829372284 0.079157664 0.000000000 0.000000000 0.000000000 0.264970647 0.964256478
1565766872.573604 0.838937906 0.085025747 0.000000000 0.000000000 0.000000000 0.274570502 0.961566971
1565766872.613510 0.838822296 0.085271815 0.000000000 0.000000000 0.000000000 0.280427925 0.959875085
1565766872.663285 0.849934119 0.091992548 0.000000000 0.000000000 0.000000000 0.284374000 0.958713423
1565766872.723641 0.853484963 0.094850536 0.000000000 0.000000000 0.000000000 0.294847056 0.955544459
1565766872.767654 0.856105887 0.096815038 0.000000000 0.000000000 0.000000000 0.300189634 0.953879544
1565766872.799376 0.865072099 0.102630759 0.000000000 0.000000000 0.000000000 0.302882869 0.953027789
1565766872.841624 0.872037308 0.108032927 0.000000000 0.000000000 0.000000000 0.312397628 0.949951431
1565766872.895910 0.872864309 0.109068825 0.000000000 0.000000000 0.000000000 0.319243156 0.947672838
1565766872.939684 0.877847046 0.113237706 0.000000000 0.000000000 0.000000000 0.326774317 0.945102400
1565766872.979995 0.885945264 0.119524259 0.000000000 0.000000000 0.000000000 0.332259779 0.943187913
1565766873.029353 0.890232819 0.123021240 0.000000000 0.000000000 0.000000000 0.336906801 0.941538001
1565766873.085466 0.894204204 0.127473683 0.000000000 0.000000000 0.000000000 0.347117727 0.937821563
1565766873.123268 0.899670405 0.131567445 0.000000000 0.000000000 0.000000000 0.348764444 0.937210415
1565766873.161388 0.903646342 0.135493781 0.000000000 0.000000000 0.000000000 0.354609802 0.935014379
1565766873.205043 0.911377110 0.142318408 0.000000000 0.000000000 0.000000000 0.359012212 0.933332862
1565766873.269960 0.913579692 0.143950088 0.000000000 0.000000000 0.000000000 0.360880510 0.932612061
1565766873.307659 0.918026985 0.147338053 0.000000000 0.000000000 0.000000000 0.361833242 0.932242836
1565766873.343298 0.922850859 0.150956746 0.000000000 0.000000000 0.000000000 0.362502953 0.931982623
1565766873.375778 0.927888751 0.155624102 0.000000000 0.000000000 0.000000000 0.367681823 0.929951653
1565766873.419941 0.933412067 0.162075641 0.000000000 0.000000000 0.000000000 0.376097887 0.926579937
1565766873.462738 0.937215858 0.164497333 0.000000000 0.000000000 0.000000000 0.375224133 0.926934113
1565766873.507326 0.942208638 0.169692940 0.000000000 0.000000000 0.000000000 0.380616365 0.924733033
1565766873.552193 0.947176083 0.174319473 0.000000000 0.000000000 0.000000000 0.383394195 0.923584804
1565766873.615591 0.951253621 0.178448877 0.000000000 0.000000000 0.000000000 0.387549457 0.921848913
1565766873.647146 0.956196784 0.183539523 0.000000000 0.000000000 0.000000000 0.391453113 0.920198055
1565766873.687361 0.960986192 0.188567076 0.000000000 0.000000000 0.000000000 0.395998486 0.918251163
1565766873.742361 0.966666418 0.194640683 0.000000000 0.000000000 0.000000000 0.400605771 0.916250521
1565766873.787635 0.970573225 0.198863704 0.000000000 0.000000000 0.000000000 0.402885445 0.915250413
1565766873.831760 0.975180307 0.203896753 0.000000000 0.000000000 0.000000000 0.405690684 0.914010431
1565766873.872705 0.979913614 0.209274853 0.000000000 0.000000000 0.000000000 0.411224510 0.911534093
1565766873.925976 0.984471867 0.214441694 0.000000000 0.000000000 0.000000000 0.413952542 0.910298464
1565766873.979638 0.988944622 0.219740652 0.000000000 0.000000000 0.000000000 0.419297467 0.907848905
1565766874.027661 0.992778910 0.224192896 0.000000000 0.000000000 0.000000000 0.421647761 0.906759706
1565766874.063511 0.997901565 0.230223649 0.000000000 0.000000000 0.000000000 0.424697926 0.905335116
1565766874.107470 1.001504069 0.234791652 0.000000000 0.000000000 0.000000000 0.429911683 0.902870946
1565766874.165856 1.006710093 0.241059890 0.000000000 0.000000000 0.000000000 0.432707858 0.901534198
1565766874.211639 1.010127118 0.245615604 0.000000000 0.000000000 0.000000000 0.437708143 0.899117112
1565766874.246224 1.015037480 0.251743478 0.000000000 0.000000000 0.000000000 0.441163436 0.897426778
1565766874.290586 1.019443163 0.257379212 0.000000000 0.000000000 0.000000000 0.444570547 0.895743841
1565766874.341574 1.023423343 0.262972075 0.000000000 0.000000000 0.000000000 0.450048462 0.893004133
1565766874.383700 1.027993716 0.268919998 0.000000000 0.000000000 0.000000000 0.453169423 0.891424408
1565766874.435580 1.031736061 0.274549020 0.000000000 0.000000000 0.000000000 0.458578418 0.888653945
1565766874.480043 1.035699060 0.280119454 0.000000000 0.000000000 0.000000000 0.462319458 0.886713437
1565766874.539680 1.039499173 0.286040885 0.000000000 0.000000000 0.000000000 0.468190044 0.883627796
1565766874.584512 1.043647986 0.291802995 0.000000000 0.000000000 0.000000000 0.470495948 0.882402155
1565766874.621917 1.047310690 0.297087678 0.000000000 0.000000000 0.000000000 0.473594812 0.880742842
1565766874.665371 1.051147667 0.303262453 0.000000000 0.000000000 0.000000000 0.478621319 0.878021431
1565766874.724135 1.055618040 0.310109004 0.000000000 0.000000000 0.000000000 0.482381069 0.875961474
1565766874.762125 1.058958340 0.314927242 0.000000000 0.000000000 0.000000000 0.484299558 0.874902245
1565766874.808894 1.063122422 0.322002100 0.000000000 0.000000000 0.000000000 0.490018581 0.871711988
1565766874.856920 1.066222980 0.327171540 0.000000000 0.000000000 0.000000000 0.493118456 0.869962177
1565766874.908127 1.070255930 0.334538592 0.000000000 0.000000000 0.000000000 0.499231666 0.866468548
1565766874.959739 1.074274017 0.340519662 0.000000000 0.000000000 0.000000000 0.500761206 0.865585475
1565766874.999724 1.077624923 0.346127949 0.000000000 0.000000000 0.000000000 0.503663163 0.863900121
1565766875.045603 1.080610435 0.351466607 0.000000000 0.000000000 0.000000000 0.508091936 0.861302841
1565766875.111645 1.083528853 0.356847283 0.000000000 0.000000000 0.000000000 0.513378137 0.858162507
1565766875.146976 1.086743312 0.362846437 0.000000000 0.000000000 0.000000000 0.516686245 0.856174821
1565766875.191661 1.089910799 0.368771644 0.000000000 0.000000000 0.000000000 0.518981092 0.854785719
1565766875.236023 1.093161312 0.375238859 0.000000000 0.000000000 0.000000000 0.524402406 0.851470561
1565766875.287659 1.095956256 0.380666248 0.000000000 0.000000000 0.000000000 0.526745750 0.850022891
1565766875.334427 1.098854907 0.386443459 0.000000000 0.000000000 0.000000000 0.529328261 0.848417110
1565766875.370733 1.102149626 0.393456618 0.000000000 0.000000000 0.000000000 0.534802560 0.844977054
1565766875.417619 1.105154242 0.399581393 0.000000000 0.000000000 0.000000000 0.537298484 0.843392162
1565766875.472443 1.107618760 0.405326246 0.000000000 0.000000000 0.000000000 0.542806653 0.839857689
1565766875.507584 1.110537098 0.411475023 0.000000000 0.000000000 0.000000000 0.544978103 0.838450277
1565766875.552292 1.112798710 0.416703356 0.000000000 0.000000000 0.000000000 0.548502862 0.836148677
1565766875.597537 1.115677129 0.422951827 0.000000000 0.000000000 0.000000000 0.550480998 0.834847693
1565766875.648158 1.118388187 0.429681571 0.000000000 0.000000000 0.000000000 0.555971763 0.831201178
1565766875.692119 1.120536208 0.435008890 0.000000000 0.000000000 0.000000000 0.558993192 0.829172245
1565766875.727938 1.123588648 0.441853296 0.000000000 0.000000000 0.000000000 0.561087230 0.827756679
1565766875.772932 1.125479485 0.447423427 0.000000000 0.000000000 0.000000000 0.566343820 0.824169083
1565766875.817382 1.128503890 0.454683250 0.000000000 0.000000000 0.000000000 0.568798676 0.822476788
1565766875.869841 1.130727813 0.460334893 0.000000000 0.000000000 0.000000000 0.571648722 0.820498469
1565766875.906136 1.132555407 0.466187653 0.000000000 0.000000000 0.000000000 0.576736962 0.816929910
1565766875.949000 1.134988869 0.472612269 0.000000000 0.000000000 0.000000000 0.579508586 0.814966134
1565766876.009688 1.137391972 0.478942995 0.000000000 0.000000000 0.000000000 0.582352495 0.812936388
1565766876.055732 1.138928837 0.484775853 0.000000000 0.000000000 0.000000000 0.587454909 0.809256900
1565766876.091606 1.141338577 0.491516637 0.000000000 0.000000000 0.000000000 0.590312910 0.807174497
1565766876.129940 1.143043116 0.496788759 0.000000000 0.000000000 0.000000000 0.593160325 0.805084361
1565766876.179665 1.144841301 0.503718949 0.000000000 0.000000000 0.000000000 0.598240204 0.801316828
1565766876.222369 1.146908867 0.509938492 0.000000000 0.000000000 0.000000000 0.600708407 0.799468205
1565766876.255935 1.148527177 0.515172795 0.000000000 0.000000000 0.000000000 0.602850847 0.797853907
1565766876.300276 1.150144668 0.522048282 0.000000000 0.000000000 0.000000000 0.607802178 0.794088479
1565766876.351113 1.151628051 0.527484914 0.000000000 0.000000000 0.000000000 0.610254899 0.792205124
1565766876.388076 1.153271608 0.533062501 0.000000000 0.000000000 0.000000000 0.612612537 0.790383375
1565766876.421113 1.154426615 0.537603786 0.000000000 0.000000000 0.000000000 0.615220446 0.788355125
1565766876.475232 1.155842869 0.543404730 0.000000000 0.000000000 0.000000000 0.619566453 0.784944208
1565766876.508652 1.157190758 0.549087660 0.000000000 0.000000000 0.000000000 0.622520899 0.782603176
1565766876.555656 1.158544707 0.554897934 0.000000000 0.000000000 0.000000000 0.624642899 0.780910526
1565766876.589346 1.160098617 0.561661151 0.000000000 0.000000000 0.000000000 0.627093456 0.778944027
1565766876.628554 1.161320300 0.567355841 0.000000000 0.000000000 0.000000000 0.629558638 0.776952972
1565766876.668978 1.162496756 0.573420860 0.000000000 0.000000000 0.000000000 0.634614330 0.772828992
1565766876.717040 1.163977144 0.580564190 0.000000000 0.000000000 0.000000000 0.636986406 0.770875035
1565766876.751654 1.165087783 0.586413977 0.000000000 0.000000000 0.000000000 0.639740291 0.768591153
1565766876.795569 1.166134518 0.591859743 0.000000000 0.000000000 0.000000000 0.641995385 0.766708501
1565766876.840267 1.167184271 0.597883297 0.000000000 0.000000000 0.000000000 0.644716863 0.764421459
1565766876.883662 1.167965051 0.603789633 0.000000000 0.000000000 0.000000000 0.649828377 0.760080970
1565766876.919612 1.169071325 0.610105381 0.000000000 0.000000000 0.000000000 0.651764827 0.758421130
1565766876.955610 1.169975661 0.616145966 0.000000000 0.000000000 0.000000000 0.654613136 0.755964048
1565766877.008357 1.170779903 0.621636350 0.000000000 0.000000000 0.000000000 0.656933869 0.753948202
1565766877.047969 1.171565681 0.628923426 0.000000000 0.000000000 0.000000000 0.661994081 0.749509064
1565766877.080556 1.172400702 0.634857405 0.000000000 0.000000000 0.000000000 0.663993886 0.747738002
1565766877.120759 1.173068639 0.640606056 0.000000000 0.000000000 0.000000000 0.666622261 0.745395707
1565766877.175292 1.173767151 0.646144684 0.000000000 0.000000000 0.000000000 0.668873562 0.743376189
1565766877.209649 1.174429621 0.654102523 0.000000000 0.000000000 0.000000000 0.673317834 0.739353160
1565766877.245543 1.174974079 0.660111434 0.000000000 0.000000000 0.000000000 0.676221185 0.736698656
1565766877.286627 1.175455445 0.665698722 0.000000000 0.000000000 0.000000000 0.678568531 0.734537098
1565766877.335654 1.176035595 0.671776684 0.000000000 0.000000000 0.000000000 0.680941688 0.732337639
1565766877.383887 1.176401029 0.677077030 0.000000000 0.000000000 0.000000000 0.683177540 0.730252319
1565766877.411198 1.176619176 0.684220616 0.000000000 0.000000000 0.000000000 0.687470133 0.726212652
1565766877.450615 1.177174298 0.690144465 0.000000000 0.000000000 0.000000000 0.689269242 0.724505288
1565766877.507661 1.177425774 0.696628971 0.000000000 0.000000000 0.000000000 0.691958989 0.721936810
1565766877.540295 1.177466566 0.703063805 0.000000000 0.000000000 0.000000000 0.696023236 0.718019258
1565766877.580649 1.177456424 0.708727820 0.000000000 0.000000000 0.000000000 0.698976445 0.715144692
1565766877.619427 1.177773850 0.713444252 0.000000000 0.000000000 0.000000000 0.700402485 0.713748106
1565766877.675270 1.177897289 0.718875796 0.000000000 0.000000000 0.000000000 0.702717794 0.711468694
1565766877.707684 1.178234047 0.726227305 0.000000000 0.000000000 0.000000000 0.705104014 0.709103892
1565766877.740767 1.177848870 0.732404426 0.000000000 0.000000000 0.000000000 0.709459620 0.704746088
1565766877.779329 1.177803708 0.736940825 0.000000000 0.000000000 0.000000000 0.711638651 0.702545678
1565766877.818395 1.177698638 0.743262302 0.000000000 0.000000000 0.000000000 0.714472642 0.699663379
